[Camera]
DirX = -0.026056
DirY = -0.149064
DirZ = -0.988484
NearDist = 5.000000
FarDist = 8.000000

[Character]
PosX = 40.470001
PosY = 331.400000
PosZ = 138.500000
Scale = 2.000000

